version https://git-lfs.github.com/spec/v1
oid sha256:f3aa2e449e7b9b1f1653d24a7044478f2d5549d542b75c795436ecdd87118cd2
size 71773767
